time	joint_A1	joint_A2	joint_E1	joint_A3	joint_A4	joint_A5	joint_A6	cart_pos_x	cart_pos_y	cart_pos_z	cart_quat_x	cart_quat_y	cart_quat_z	cart_quat_w	
0	-0.0846417	0.398164	0.154443	-0.0254595	0.455971	0.242204	0.70445	0.533338	0	0	0	0	0	0	0	
0	-0.0846417	0.398164	0.154443	-0.0254595	0.455971	0.242204	0.70445	0.533338	0	0	0	0	0	0	0	
0	-0.0846417	0.398164	0.154443	-0.0254595	0.455971	0.242204	0.70445	0.533338	0	0	0	0	0	0	0	
0	-0.0846417	0.398164	0.154443	-0.0254595	0.455971	0.242204	0.70445	0.533338	0	0	0	0	0	0	0	
0	-0.0846417	0.398164	0.154443	-0.0254595	0.455971	0.242204	0.70445	0.533338	0	0	0	0	0	0	0	
0	-0.0846417	0.398164	0.154443	-0.0254595	0.455971	0.242204	0.70445	0.533338	0	0	0	0	0	0	0	
0.0004	-0.0846417	0.398164	0.154443	-0.0254595	0.455971	0.242204	0.70445	0.533338	0	0	0	0	0	0	0	
0.0004	-0.0846417	0.398164	0.154443	-0.0254595	0.455971	0.242204	0.70445	0.533338	0	0	0	0	0	0	0	
0.0004	-0.0846417	0.398164	0.154443	-0.0254595	0.455971	0.242204	0.70445	0.533338	0	0	0	0	0	0	0	
0.0004	-0.0846417	0.398164	0.154443	-0.0254595	0.455971	0.242204	0.70445	0.533338	0	0	0	0	0	0	0	
0.0004	-0.0846417	0.398164	0.154443	-0.0254595	0.455971	0.242204	0.70445	0.533338	0	0	0	0	0	0	0	
0.0004	-0.0846417	0.398164	0.154443	-0.0254595	0.455971	0.242204	0.70445	0.533338	0	0	0	0	0	0	0	
0.0004	-0.0846417	0.398164	0.154443	-0.0254595	0.455971	0.242204	0.70445	0.533338	0	0	0	0	0	0	0	
0.0004	-0.0846417	0.398164	0.154443	-0.0254595	0.455971	0.242204	0.70445	0.533338	0	0	0	0	0	0	0	
0.0004	-0.0846417	0.398164	0.154443	-0.0254595	0.455971	0.242204	0.70445	0.533338	0	0	0	0	0	0	0	
0.0004	-0.0846417	0.398164	0.154443	-0.0254595	0.455971	0.242204	0.70445	0.533338	0	0	0	0	0	0	0	
0.0004	-0.0846417	0.398164	0.154443	-0.0254595	0.455971	0.242204	0.70445	0.533338	0	0	0	0	0	0	0	
0.0004	-0.0846417	0.398164	0.154443	-0.0254595	0.455971	0.242204	0.70445	0.533338	0	0	0	0	0	0	0	
0.0123	-0.0846417	0.398164	0.154443	-0.0254595	0.455971	0.242204	0.70445	0.533338	0.0319615	0.286653	0.803751	0.326684	0.422196	-0.0119268	0.845509	
0.0123	-0.0846417	0.398164	0.154443	-0.0254595	0.455971	0.242204	0.70445	0.533338	0.0319615	0.286653	0.803751	0.326684	0.422196	-0.0119268	0.845509	
0.0123	-0.0846417	0.398164	0.154443	-0.0254595	0.455971	0.242204	0.70445	0.533338	0.0319615	0.286653	0.803751	0.326684	0.422196	-0.0119268	0.845509	
0.0123	-0.0846417	0.398164	0.154443	-0.0254595	0.455971	0.242204	0.70445	0.533338	0.0319615	0.286653	0.803751	0.326684	0.422196	-0.0119268	0.845509	
0.0123	-0.0846417	0.398164	0.154443	-0.0254595	0.455971	0.242204	0.70445	0.533338	0.0319615	0.286653	0.803751	0.326684	0.422196	-0.0119268	0.845509	
0.0123	-0.0846417	0.398164	0.154443	-0.0254595	0.455971	0.242204	0.70445	0.533338	0.0319615	0.286653	0.803751	0.326684	0.422196	-0.0119268	0.845509	
0.0123	-0.0846417	0.398164	0.154443	-0.0254595	0.455971	0.242204	0.70445	0.533338	0.0319615	0.286653	0.803751	0.326684	0.422196	-0.0119268	0.845509	
0.0123	-0.0846417	0.398164	0.154443	-0.0254595	0.455971	0.242204	0.70445	0.533338	0.0319615	0.286653	0.803751	0.326684	0.422196	-0.0119268	0.845509	
0.0123	-0.0846417	0.398164	0.154443	-0.0254595	0.455971	0.242204	0.70445	0.533338	0.0319615	0.286653	0.803751	0.326684	0.422196	-0.0119268	0.845509	
0.0123	-0.0846417	0.398164	0.154443	-0.0254595	0.455971	0.242204	0.70445	0.533338	0.0319615	0.286653	0.803751	0.326684	0.422196	-0.0119268	0.845509	
0.0123	-0.0846417	0.398164	0.154443	-0.0254595	0.455971	0.242204	0.70445	0.533338	0.0319615	0.286653	0.803751	0.326684	0.422196	-0.0119268	0.845509	
0.0248	-0.0846417	0.398164	0.154443	-0.0254595	0.455971	0.242204	0.70445	0.533338	0.0319615	0.286653	0.803751	0.326684	0.422196	-0.0119268	0.845509	
0.0248	-0.0846417	0.398164	0.154443	-0.0254595	0.455971	0.242204	0.70445	0.533338	0.0319615	0.286653	0.803751	0.326684	0.422196	-0.0119268	0.845509	
0.0248	-0.0846417	0.398164	0.154443	-0.0254595	0.455971	0.242204	0.70445	0.533338	0.0319615	0.286653	0.803751	0.326684	0.422196	-0.0119268	0.845509	
0.0248	-0.0846417	0.398164	0.154443	-0.0254595	0.455971	0.242204	0.70445	0.533338	0.0319615	0.286653	0.803751	0.326684	0.422196	-0.0119268	0.845509	
0.0248	-0.0846417	0.398164	0.154443	-0.0254595	0.455971	0.242204	0.70445	0.533338	0.0319615	0.286653	0.803751	0.326684	0.422196	-0.0119268	0.845509	
0.0248	-0.0846417	0.398164	0.154443	-0.0254595	0.455971	0.242204	0.70445	0.533338	0.0319615	0.286653	0.803751	0.326684	0.422196	-0.0119268	0.845509	
0.0248	-0.0846417	0.398164	0.154443	-0.0254595	0.455971	0.242204	0.70445	0.533338	0.0319615	0.286653	0.803751	0.326684	0.422196	-0.0119268	0.845509	
0.0248	-0.0846417	0.398164	0.154443	-0.0254595	0.455971	0.242204	0.70445	0.533338	0.0319615	0.286653	0.803751	0.326684	0.422196	-0.0119268	0.845509	
0.0248	-0.0846417	0.398164	0.154443	-0.0254595	0.455971	0.242204	0.70445	0.533338	0.0319615	0.286653	0.803751	0.326684	0.422196	-0.0119268	0.845509	
0.0248	-0.0846417	0.398164	0.154443	-0.0254595	0.455971	0.242204	0.70445	0.533338	0.0319615	0.286653	0.803751	0.326684	0.422196	-0.0119268	0.845509	
0.0248	-0.0846417	0.398164	0.154443	-0.0254595	0.455971	0.242204	0.70445	0.533338	0.0319615	0.286653	0.803751	0.326684	0.422196	-0.0119268	0.845509	
0.0248	-0.0846417	0.398164	0.154443	-0.0254595	0.455971	0.242204	0.70445	0.533338	0.0319615	0.286653	0.803751	0.326684	0.422196	-0.0119268	0.845509	
0.0373	-0.0846417	0.398164	0.154443	-0.0254595	0.455971	0.242204	0.70445	0.533338	0.0319615	0.286653	0.803751	0.326684	0.422196	-0.0119268	0.845509	
0.0373	-0.0846417	0.398164	0.154443	-0.0254595	0.455971	0.242204	0.70445	0.533338	0.0319615	0.286653	0.803751	0.326684	0.422196	-0.0119268	0.845509	
0.0373	-0.0846417	0.398164	0.154443	-0.0254595	0.455971	0.242204	0.70445	0.533338	0.0319615	0.286653	0.803751	0.326684	0.422196	-0.0119268	0.845509	
0.0373	-0.0846417	0.398164	0.154443	-0.0254595	0.455971	0.242204	0.70445	0.533338	0.0319615	0.286653	0.803751	0.326684	0.422196	-0.0119268	0.845509	
0.0373	-0.0846417	0.398164	0.154443	-0.0254595	0.455971	0.242204	0.70445	0.533338	0.0319615	0.286653	0.803751	0.326684	0.422196	-0.0119268	0.845509	
0.0373	-0.0846417	0.398164	0.154443	-0.0254595	0.455971	0.242204	0.70445	0.533338	0.0319615	0.286653	0.803751	0.326684	0.422196	-0.0119268	0.845509	
0.0373	-0.0846417	0.398164	0.154443	-0.0254595	0.455971	0.242204	0.70445	0.533338	0.0319615	0.286653	0.803751	0.326684	0.422196	-0.0119268	0.845509	
0.0373	-0.0846417	0.398164	0.154443	-0.0254595	0.455971	0.242204	0.70445	0.533338	0.0319615	0.286653	0.803751	0.326684	0.422196	-0.0119268	0.845509	
0.0373	-0.0846417	0.398164	0.154443	-0.0254595	0.455971	0.242204	0.70445	0.533338	0.0319615	0.286653	0.803751	0.326684	0.422196	-0.0119268	0.845509	
0.0373	-0.0846417	0.398164	0.154443	-0.0254595	0.455971	0.242204	0.70445	0.533338	0.0319615	0.286653	0.803751	0.326684	0.422196	-0.0119268	0.845509	
0.0373	-0.0846417	0.398164	0.154443	-0.0254595	0.455971	0.242204	0.70445	0.533338	0.0319615	0.286653	0.803751	0.326684	0.422196	-0.0119268	0.845509	
0.0373	-0.0846417	0.398164	0.154443	-0.0254595	0.455971	0.242204	0.70445	0.533338	0.0319615	0.286653	0.803751	0.326684	0.422196	-0.0119268	0.845509	
0.0373	-0.0846417	0.398164	0.154443	-0.0254595	0.455971	0.242204	0.70445	0.533338	0.0319615	0.286653	0.803751	0.326684	0.422196	-0.0119268	0.845509	
0.0498	-0.0846417	0.398164	0.154443	-0.0254595	0.455971	0.242204	0.70445	0.533338	0.0319615	0.286653	0.803751	0.326684	0.422196	-0.0119268	0.845509	
0.0498	-0.0846417	0.398164	0.154443	-0.0254595	0.455971	0.242204	0.70445	0.533338	0.0319615	0.286653	0.803751	0.326684	0.422196	-0.0119268	0.845509	
0.0498	-0.0846417	0.398164	0.154443	-0.0254595	0.455971	0.242204	0.70445	0.533338	0.0319615	0.286653	0.803751	0.326684	0.422196	-0.0119268	0.845509	
0.0498	-0.0846417	0.398164	0.154443	-0.0254595	0.455971	0.242204	0.70445	0.533338	0.0319615	0.286653	0.803751	0.326684	0.422196	-0.0119268	0.845509	
0.0498	-0.0846417	0.398164	0.154443	-0.0254595	0.455971	0.242204	0.70445	0.533338	0.0319615	0.286653	0.803751	0.326684	0.422196	-0.0119268	0.845509	
0.0498	-0.0846417	0.398164	0.154443	-0.0254595	0.455971	0.242204	0.70445	0.533338	0.0319615	0.286653	0.803751	0.326684	0.422196	-0.0119268	0.845509	
0.0498	-0.0846417	0.398164	0.154443	-0.0254595	0.455971	0.242204	0.70445	0.533338	0.0319615	0.286653	0.803751	0.326684	0.422196	-0.0119268	0.845509	
0.0498	-0.0846417	0.398164	0.154443	-0.0254595	0.455971	0.242204	0.70445	0.533338	0.0319615	0.286653	0.803751	0.326684	0.422196	-0.0119268	0.845509	
0.0498	-0.0846417	0.398164	0.154443	-0.0254595	0.455971	0.242204	0.70445	0.533338	0.0319615	0.286653	0.803751	0.326684	0.422196	-0.0119268	0.845509	
0.0498	-0.0846417	0.398164	0.154443	-0.0254595	0.455971	0.242204	0.70445	0.533338	0.0319615	0.286653	0.803751	0.326684	0.422196	-0.0119268	0.845509	
0.0498	-0.0846417	0.398164	0.154443	-0.0254595	0.455971	0.242204	0.70445	0.533338	0.0319615	0.286653	0.803751	0.326684	0.422196	-0.0119268	0.845509	
0.0498	-0.0846417	0.398164	0.154443	-0.0254595	0.455971	0.242204	0.70445	0.533338	0.0319615	0.286653	0.803751	0.326684	0.422196	-0.0119268	0.845509	
0.0625	-0.0846417	0.398164	0.154443	-0.0254595	0.455971	0.242204	0.70445	0.533338	0.0319615	0.286653	0.803751	0.326684	0.422196	-0.0119268	0.845509	
0.0625	-0.0846417	0.398164	0.154443	-0.0254595	0.455971	0.242204	0.70445	0.533338	0.0319615	0.286653	0.803751	0.326684	0.422196	-0.0119268	0.845509	
0.0625	-0.0846417	0.398164	0.154443	-0.0254595	0.455971	0.242204	0.70445	0.533338	0.0319615	0.286653	0.803751	0.326684	0.422196	-0.0119268	0.845509	
0.0625	-0.0846417	0.398164	0.154443	-0.0254595	0.455971	0.242204	0.70445	0.533338	0.0319615	0.286653	0.803751	0.326684	0.422196	-0.0119268	0.845509	
0.0625	-0.0846417	0.398164	0.154443	-0.0254595	0.455971	0.242204	0.70445	0.533338	0.0319615	0.286653	0.803751	0.326684	0.422196	-0.0119268	0.845509	
0.0625	-0.0846417	0.398164	0.154443	-0.0254595	0.455971	0.242204	0.70445	0.533338	0.0319615	0.286653	0.803751	0.326684	0.422196	-0.0119268	0.845509	
0.0625	-0.0846417	0.398164	0.154443	-0.0254595	0.455971	0.242204	0.70445	0.533338	0.0319615	0.286653	0.803751	0.326684	0.422196	-0.0119268	0.845509	
0.0625	-0.0846417	0.398164	0.154443	-0.0254595	0.455971	0.242204	0.70445	0.533338	0.0319615	0.286653	0.803751	0.326684	0.422196	-0.0119268	0.845509	
0.0625	-0.0846417	0.398164	0.154443	-0.0254595	0.455971	0.242204	0.70445	0.533338	0.0319615	0.286653	0.803751	0.326684	0.422196	-0.0119268	0.845509	
0.0625	-0.0846417	0.398164	0.154443	-0.0254595	0.455971	0.242204	0.70445	0.533338	0.0319615	0.286653	0.803751	0.326684	0.422196	-0.0119268	0.845509	
0.0625	-0.0846417	0.398164	0.154443	-0.0254595	0.455971	0.242204	0.70445	0.533338	0.0319615	0.286653	0.803751	0.326684	0.422196	-0.0119268	0.845509	
0.0625	-0.0846417	0.398164	0.154443	-0.0254595	0.455971	0.242204	0.70445	0.533338	0.0319615	0.286653	0.803751	0.326684	0.422196	-0.0119268	0.845509	
0.0625	-0.0846417	0.398164	0.154443	-0.0254595	0.455971	0.242204	0.70445	0.533338	0.0319615	0.286653	0.803751	0.326684	0.422196	-0.0119268	0.845509	
0.0749	-0.0846417	0.398164	0.154443	-0.0254595	0.455971	0.242204	0.70445	0.533338	0.0319615	0.286653	0.803751	0.326684	0.422196	-0.0119268	0.845509	
0.0749	-0.0846417	0.398164	0.154443	-0.0254595	0.455971	0.242204	0.70445	0.533338	0.0319615	0.286653	0.803751	0.326684	0.422196	-0.0119268	0.845509	
0.0749	-0.0846417	0.398164	0.154443	-0.0254595	0.455971	0.242204	0.70445	0.533338	0.0319615	0.286653	0.803751	0.326684	0.422196	-0.0119268	0.845509	
0.0749	-0.0846417	0.398164	0.154443	-0.0254595	0.455971	0.242204	0.70445	0.533338	0.0319615	0.286653	0.803751	0.326684	0.422196	-0.0119268	0.845509	
0.0749	-0.0846417	0.398164	0.154443	-0.0254595	0.455971	0.242204	0.70445	0.533338	0.0319615	0.286653	0.803751	0.326684	0.422196	-0.0119268	0.845509	
0.0749	-0.0846417	0.398164	0.154443	-0.0254595	0.455971	0.242204	0.70445	0.533338	0.0319615	0.286653	0.803751	0.326684	0.422196	-0.0119268	0.845509	
0.0749	-0.0846417	0.398164	0.154443	-0.0254595	0.455971	0.242204	0.70445	0.533338	0.0319615	0.286653	0.803751	0.326684	0.422196	-0.0119268	0.845509	
0.0749	-0.0846417	0.398164	0.154443	-0.0254595	0.455971	0.242204	0.70445	0.533338	0.0319615	0.286653	0.803751	0.326684	0.422196	-0.0119268	0.845509	
0.0749	-0.0846417	0.398164	0.154443	-0.0254595	0.455971	0.242204	0.70445	0.533338	0.0319615	0.286653	0.803751	0.326684	0.422196	-0.0119268	0.845509	
0.0749	-0.0846417	0.398164	0.154443	-0.0254595	0.455971	0.242204	0.70445	0.533338	0.0319615	0.286653	0.803751	0.326684	0.422196	-0.0119268	0.845509	
0.0749	-0.0846417	0.398164	0.154443	-0.0254595	0.455971	0.242204	0.70445	0.533338	0.0319615	0.286653	0.803751	0.326684	0.422196	-0.0119268	0.845509	
0.0749	-0.0846417	0.398164	0.154443	-0.0254595	0.455971	0.242204	0.70445	0.533338	0.0319615	0.286653	0.803751	0.326684	0.422196	-0.0119268	0.845509	
0.0873	-0.0846417	0.398164	0.154443	-0.0254595	0.455971	0.242204	0.70445	0.533338	0.0319615	0.286653	0.803751	0.326684	0.422196	-0.0119268	0.845509	
0.0873	-0.0846417	0.398164	0.154443	-0.0254595	0.455971	0.242204	0.70445	0.533338	0.0319615	0.286653	0.803751	0.326684	0.422196	-0.0119268	0.845509	
0.0873	-0.0846417	0.398164	0.154443	-0.0254595	0.455971	0.242204	0.70445	0.533338	0.0319615	0.286653	0.803751	0.326684	0.422196	-0.0119268	0.845509	
0.0873	-0.0846417	0.398164	0.154443	-0.0254595	0.455971	0.242204	0.70445	0.533338	0.0319615	0.286653	0.803751	0.326684	0.422196	-0.0119268	0.845509	
0.0873	-0.0846417	0.398164	0.154443	-0.0254595	0.455971	0.242204	0.70445	0.533338	0.0319615	0.286653	0.803751	0.326684	0.422196	-0.0119268	0.845509	
0.0873	-0.0846417	0.398164	0.154443	-0.0254595	0.455971	0.242204	0.70445	0.533338	0.0319615	0.286653	0.803751	0.326684	0.422196	-0.0119268	0.845509	
0.0873	-0.0846417	0.398164	0.154443	-0.0254595	0.455971	0.242204	0.70445	0.533338	0.0319615	0.286653	0.803751	0.326684	0.422196	-0.0119268	0.845509	
0.0873	-0.0846417	0.398164	0.154443	-0.0254595	0.455971	0.242204	0.70445	0.533338	0.0319615	0.286653	0.803751	0.326684	0.422196	-0.0119268	0.845509	
0.0873	-0.0846417	0.398164	0.154443	-0.0254595	0.455971	0.242204	0.70445	0.533338	0.0319615	0.286653	0.803751	0.326684	0.422196	-0.0119268	0.845509	
0.0873	-0.0846417	0.398164	0.154443	-0.0254595	0.455971	0.242204	0.70445	0.533338	0.0319615	0.286653	0.803751	0.326684	0.422196	-0.0119268	0.845509	
0.0873	-0.0846417	0.398164	0.154443	-0.0254595	0.455971	0.242204	0.70445	0.533338	0.0319615	0.286653	0.803751	0.326684	0.422196	-0.0119268	0.845509	
0.0999	-0.0846417	0.398164	0.154443	-0.0254595	0.455971	0.242204	0.70445	0.533338	0.0319615	0.286653	0.803751	0.326684	0.422196	-0.0119268	0.845509	
